
ZAI = [
922320
922350
922360
922380
942360
942380
942390
942400
942410
942420
581370
962440
541350
621490
641550
641570
666
0
];

NAMES = [
'U232            '
'U235            '
'U236            '
'U238            '
'Pu236           '
'Pu238           '
'Pu239           '
'Pu240           '
'Pu241           '
'Pu242           '
'Ce137           '
'Cm244           '
'Xe135           '
'Sm149           '
'Gd155           '
'Gd157           '
'lost            '
'total           '
];

i922320 = 1; iU232             = 1;
i922350 = 2; iU235             = 2;
i922360 = 3; iU236             = 3;
i922380 = 4; iU238             = 4;
i942360 = 5; iPu236            = 5;
i942380 = 6; iPu238            = 6;
i942390 = 7; iPu239            = 7;
i942400 = 8; iPu240            = 8;
i942410 = 9; iPu241            = 9;
i942420 = 10; iPu242            = 10;
i581370 = 11; iCe137            = 11;
i962440 = 12; iCm244            = 12;
i541350 = 13; iXe135            = 13;
i621490 = 14; iSm149            = 14;
i641550 = 15; iGd155            = 15;
i641570 = 16; iGd157            = 16;
iLOST    = 17;
iTOT     = 18;

MAT_U3.7_VOLUME = [ 1.40425E+02 1.40425E+02 1.40425E+02 ];

MAT_U3.7_BURNUP = [ 0.00000E+00 2.02174E+01 4.00754E+01 ];

MAT_U3.7_ADENS = [
0.00000E+00 9.42696E-15 1.09808E-14 % U232
8.62640E-04 3.72276E-04 8.70210E-05 % U235
0.00000E+00 8.33114E-05 1.18564E-04 % U236
2.21690E-02 2.18478E-02 2.13932E-02 % U238
0.00000E+00 2.26568E-16 5.85352E-15 % Pu236
0.00000E+00 2.84262E-09 2.46190E-08 % Pu238
0.00000E+00 2.21657E-05 3.26855E-05 % Pu239
0.00000E+00 1.72684E-05 5.98311E-05 % Pu240
0.00000E+00 1.17457E-05 3.47351E-05 % Pu241
0.00000E+00 2.10812E-06 2.01250E-05 % Pu242
0.00000E+00 7.91359E-17 1.87254E-16 % Ce137
0.00000E+00 1.01840E-08 8.12026E-07 % Cm244
0.00000E+00 7.71215E-09 4.19651E-09 % Xe135
0.00000E+00 8.00575E-09 3.58301E-09 % Sm149
0.00000E+00 4.74845E-13 6.55884E-13 % Gd155
0.00000E+00 7.89799E-10 1.86162E-09 % Gd157
0.00000E+00 3.46100E-11 7.90720E-11 % lost data
6.90946E-02 6.95536E-02 6.99829E-02 % total
];

MAT_U3.7_MDENS = [
0.00000E+00 3.63233E-12 4.23104E-12 % U232
3.36694E-01 1.45301E-01 3.39648E-02 % U235
0.00000E+00 3.26555E-02 4.64733E-02 % U236
8.76338E+00 8.63643E+00 8.45673E+00 % U238
0.00000E+00 8.88079E-14 2.29440E-12 % Pu236
0.00000E+00 1.12368E-06 9.73180E-06 % Pu238
0.00000E+00 8.79895E-03 1.29749E-02 % Pu239
0.00000E+00 6.88362E-03 2.38502E-02 % Pu240
0.00000E+00 4.70154E-03 1.39037E-02 % Pu241
0.00000E+00 8.47365E-04 8.08934E-03 % Pu242
0.00000E+00 1.79911E-14 4.25711E-14 % Ce137
0.00000E+00 4.12740E-06 3.29100E-04 % Cm244
0.00000E+00 1.72769E-06 9.40110E-07 % Xe135
0.00000E+00 1.97972E-06 8.86032E-07 % Sm149
0.00000E+00 1.22158E-10 1.68733E-10 % Gd155
0.00000E+00 2.05808E-07 4.85106E-07 % Gd157
0.00000E+00 0.00000E+00 0.00000E+00 % lost data
1.03235E+01 1.03230E+01 1.03232E+01 % total
];

MAT_U3.7_A = [
0.00000E+00 4.22007E+02 4.91565E+02 % U232
3.77942E+06 1.63102E+06 3.81258E+05 % U235
0.00000E+00 1.09720E+07 1.56147E+07 % U236
1.53039E+07 1.50822E+07 1.47683E+07 % U238
0.00000E+00 2.44514E+02 6.31716E+03 % Pu236
0.00000E+00 9.99740E+07 8.65840E+08 % Pu238
0.00000E+00 2.83565E+09 4.18143E+09 % Pu239
0.00000E+00 8.11801E+09 2.81271E+10 % Pu240
0.00000E+00 2.53521E+12 7.49728E+12 % Pu241
0.00000E+00 1.73394E+07 1.65530E+08 % Pu242
0.00000E+00 2.37739E+05 5.62544E+05 % Ce137
0.00000E+00 1.73543E+09 1.38375E+11 % Cm244
0.00000E+00 2.28138E+13 1.24140E+13 % Xe135
0.00000E+00 0.00000E+00 0.00000E+00 % Sm149
0.00000E+00 0.00000E+00 0.00000E+00 % Gd155
0.00000E+00 0.00000E+00 0.00000E+00 % Gd157
0.00000E+00 0.00000E+00 0.00000E+00 % lost data
1.90833E+07 2.43416E+18 2.88911E+18 % total
];

MAT_U3.7_H = [
0.00000E+00 3.65730E-10 4.26012E-10 % U232
2.79309E-06 1.20537E-06 2.81760E-07 % U235
0.00000E+00 8.02620E-06 1.14224E-05 % U236
1.04828E-05 1.03309E-05 1.01159E-05 % U238
0.00000E+00 2.29680E-10 5.93391E-09 % Pu236
0.00000E+00 8.95153E-05 7.75261E-04 % Pu238
0.00000E+00 2.38122E-03 3.51133E-03 % Pu239
0.00000E+00 6.82976E-03 2.36636E-02 % Pu240
0.00000E+00 2.17517E-03 6.43254E-03 % Pu241
0.00000E+00 1.38405E-05 1.32128E-04 % Pu242
0.00000E+00 1.91082E-09 4.52143E-09 % Ce137
0.00000E+00 1.64018E-03 1.30780E-01 % Cm244
0.00000E+00 2.05670E+00 1.11914E+00 % Xe135
0.00000E+00 0.00000E+00 0.00000E+00 % Sm149
0.00000E+00 0.00000E+00 0.00000E+00 % Gd155
0.00000E+00 0.00000E+00 0.00000E+00 % Gd157
0.00000E+00 0.00000E+00 0.00000E+00 % lost data
1.32758E-05 8.19010E+05 8.73626E+05 % total
];

MAT_U3.7_SF = [
0.00000E+00 3.79807E-10 4.42409E-10 % U232
2.72118E-04 1.17434E-04 2.74506E-05 % U235
0.00000E+00 9.87478E-03 1.40532E-02 % U236
8.35591E+02 8.23486E+02 8.06352E+02 % U238
0.00000E+00 2.00502E-07 5.18007E-06 % Pu236
0.00000E+00 1.85952E-01 1.61046E+00 % Pu238
0.00000E+00 8.79052E-03 1.29624E-02 % Pu239
0.00000E+00 4.62726E+02 1.60324E+03 % Pu240
0.00000E+00 0.00000E+00 0.00000E+00 % Pu241
0.00000E+00 9.53667E+01 9.10414E+02 % Pu242
0.00000E+00 0.00000E+00 0.00000E+00 % Ce137
0.00000E+00 2.39490E+03 1.90958E+05 % Cm244
0.00000E+00 0.00000E+00 0.00000E+00 % Xe135
0.00000E+00 0.00000E+00 0.00000E+00 % Sm149
0.00000E+00 0.00000E+00 0.00000E+00 % Gd155
0.00000E+00 0.00000E+00 0.00000E+00 % Gd157
0.00000E+00 0.00000E+00 0.00000E+00 % lost data
8.35592E+02 3.78913E+03 1.95782E+05 % total
];

MAT_U3.7_GSRC = [
0.00000E+00 4.65506E+01 5.42234E+01 % U232
4.59252E+06 1.98192E+06 4.63282E+05 % U235
0.00000E+00 9.92009E+05 1.41177E+06 % U236
1.11271E+06 1.09659E+06 1.07377E+06 % U238
0.00000E+00 2.74424E+01 7.08988E+02 % Pu236
0.00000E+00 1.03520E+07 8.96549E+07 % Pu238
0.00000E+00 1.24434E+08 1.83489E+08 % Pu239
0.00000E+00 7.90914E+08 2.74034E+09 % Pu240
0.00000E+00 6.31163E+07 1.86651E+08 % Pu241
0.00000E+00 1.44755E+06 1.38190E+07 % Pu242
0.00000E+00 2.29266E+05 5.42495E+05 % Ce137
0.00000E+00 1.43508E+08 1.14426E+10 % Cm244
0.00000E+00 2.27063E+13 1.23555E+13 % Xe135
0.00000E+00 0.00000E+00 0.00000E+00 % Sm149
0.00000E+00 0.00000E+00 0.00000E+00 % Gd155
0.00000E+00 0.00000E+00 0.00000E+00 % Gd157
0.00000E+00 0.00000E+00 0.00000E+00 % lost data
5.70523E+06 1.93888E+18 2.27656E+18 % total
];

MAT_U3.7_ING_TOX = [
0.00000E+00 1.39262E-04 1.62217E-04 % U232
1.77633E-01 7.66581E-02 1.79191E-02 % U235
0.00000E+00 5.15683E-01 7.33889E-01 % U236
6.88674E-01 6.78697E-01 6.64575E-01 % U238
0.00000E+00 2.12727E-05 5.49593E-04 % Pu236
0.00000E+00 2.29940E+01 1.99143E+02 % Pu238
0.00000E+00 7.08913E+02 1.04536E+03 % Pu239
0.00000E+00 2.02950E+03 7.03177E+03 % Pu240
0.00000E+00 1.21690E+04 3.59870E+04 % Pu241
0.00000E+00 4.16146E+00 3.97272E+01 % Pu242
0.00000E+00 5.94347E-06 1.40636E-05 % Ce137
0.00000E+00 2.08252E+02 1.66050E+04 % Cm244
0.00000E+00 0.00000E+00 0.00000E+00 % Xe135
0.00000E+00 0.00000E+00 0.00000E+00 % Sm149
0.00000E+00 0.00000E+00 0.00000E+00 % Gd155
0.00000E+00 0.00000E+00 0.00000E+00 % Gd157
0.00000E+00 0.00000E+00 0.00000E+00 % lost data
8.66307E-01 4.80613E+08 6.45170E+08 % total
];

MAT_U3.7_INH_TOX = [
0.00000E+00 1.56143E-02 1.81879E-02 % U232
3.21251E+01 1.38637E+01 3.24070E+00 % U235
0.00000E+00 9.54562E+01 1.35847E+02 % U236
1.22431E+02 1.20657E+02 1.18147E+02 % U238
0.00000E+00 9.78057E-03 2.52686E-01 % Pu236
0.00000E+00 1.09971E+04 9.52424E+04 % Pu238
0.00000E+00 3.40278E+05 5.01772E+05 % Pu239
0.00000E+00 9.74161E+05 3.37525E+06 % Pu240
0.00000E+00 5.83098E+06 1.72438E+07 % Pu241
0.00000E+00 1.90733E+03 1.82083E+04 % Pu242
0.00000E+00 2.37739E-06 5.62544E-06 % Ce137
0.00000E+00 9.89196E+04 7.88739E+06 % Cm244
0.00000E+00 0.00000E+00 0.00000E+00 % Xe135
0.00000E+00 0.00000E+00 0.00000E+00 % Sm149
0.00000E+00 0.00000E+00 0.00000E+00 % Gd155
0.00000E+00 0.00000E+00 0.00000E+00 % Gd157
0.00000E+00 0.00000E+00 0.00000E+00 % lost data
1.54556E+02 3.22117E+08 5.07465E+08 % total
];

MAT_TVEG_VOLUME = [ 5.61702E+00 5.61702E+00 5.61702E+00 ];

MAT_TVEG_BURNUP = [ 0.00000E+00 1.37653E+01 3.78803E+01 ];

